0.623847
0.787795
0.794612
1.07944
0.92534
1.13161
0.894575
0.988507
1.08273
1.57571
1.36989
1.056
1.28652
1.0994
1.53501
1.10895
1.23782
1.3177
1.7117
1.34075
1.28429
1.29637
1.50961
1.18954
1.27362
1.12329
1.17926
1.34519
0.443279
0.277415
0.225334
0.249652
0.234289
0.214941
0.285172
0.291035
0.296454
0.261507
0.259488
0.326301
0.247306
0.282821
0.298512
0.273375
0.314163
0.28379
0.292852
0.352242
0.250914
0.327201
0.323612
0.230689
0.310324
0.253681
0.268126
0.305954
0.492247
0.289928
0.194938
0.152805
0.1521
0.159951
0.149047
0.204761
0.151579
0.199374
0.206049
0.196713
0.17837
0.170819
0.201539
0.192294
0.239391
0.239911
0.170331
0.171781
0.21367
0.226818
0.208178
0.247446
0.180923
0.206455
0.19435
0.18966
0.470501
0.246472
0.154086
0.142119
0.152384
0.182418
0.166367
0.142494
0.125943
0.154853
0.143542
0.1416
0.183233
0.151756
0.184272
0.200874
0.161227
0.18315
0.151505
0.178773
0.178807
0.168054
0.141674
0.201913
0.179278
0.142319
0.147071
0.16682
0.448936
0.268078
0.152296
0.15176
0.129276
0.122616
0.175868
0.105918
0.15682
0.134232
0.155889
0.164235
0.157917
0.152215
0.105994
0.117453
0.12145
0.156698
0.169968
0.132175
0.14028
0.205316
0.153611
0.162884
0.174343
0.119206
0.163502
0.135322
